1.0
0.9999208860571255
0.9996835567465339
0.9992880496203402
0.9987344272588009
0.9980227772604114
0.9971532122280473
0.9961258697511434
0.99494091238393
0.993598527619705
0.9920989278611698
0.990442350386827
0.9886290573134263
0.986659335554497
0.9845334967749436
0.9822518773417512
0.979814838270734
0.9772227651694381
0.9744760681760914
0.9715751818947639
0.9685205653265653
0.9653127017970182
0.9619520988795645
0.9584392883153126
0.9547748259288681
0.9509592915403514
0.9469932888736834
0.9428774454610978
0.9386124125437959
0.9341988649689392
0.9296375010827892
0.9249290426203294
0.9200742345910095
0.9150738451608189
0.9099286655308052
0.9046395098118144
0.899207214895869
0.8936326403234355
0.8879166681476869
0.8820602027948155
0.8760641709209793
0.8699295212655986
0.8636572245013181
0.8572482730803351
0.8507036810775988
0.8440244840300072
0.8372117387727258
0.8302665232721558
0.8231899364550008
0.8159830980346315
0.808647148333854
0.8011832481044112
0.793592578343591
0.7858763401068837
0.7780357543184909
0.7700720615775833
0.76198652196257
0.7537804148312179
0.7454550386185087
0.7370117106310418
0.7284517668389059
0.7197765616638334
0.710987467765118
0.7020858758227444
0.693073194316464
0.683950849303976
0.674720284194813
0.6653829595214426
0.6559403527093439
0.6463939578418875
0.6367452854251195
0.6269958621481655
0.6171472306415708
0.6072009492333861
0.5971585917028693
0.587021747030931
0.576792019148979
0.5664710266854126
0.5560604027088618
0.545561794470631
0.5349768631429256
0.5243072835572393
0.5135547439387871
0.5027209456388887
0.49180760286664044
0.48081644241699645
0.4697492033984338
0.4586076369565855
0.44739350599795363
0.43610858491056564
0.42475465928423983
0.4133335256258021
0.4018469910777016
0.39029687312980865
0.37868499933286626
0.36701320700911483
0.35528334296157676
0.34349726318162677
0.3316568325563903
0.3197639245713155
0.3078204210169481
0.2958282116877405
0.2837891940862692
0.27170527312061943
0.25957836080405716
0.2474103759520586
0.23520324387958053
0.2229588960951023
0.2106792699958862
0.1983663085612077
0.18602196004469848
0.17364817766719542
0.16124691930522828
0.14882014718435996
0.13636982756624594
0.12389793043863627
0.1114064292034447
0.09889730036450155
0.08637252321458898
0.07383407952339445
0.0612839532214473
0.048724130089378384
0.0361565974412205
0.023583343811093654
0.011006358638109342
-0.001572368047504752
-0.014150845940419722
-0.026727084775354657
-0.039299094639946026
-0.05186488629188069
-0.06442247147273973
-0.07696986322168921
-0.08950507619214168
-0.10202612696385073
-0.11453103435697276
-0.12701781974690146
-0.1394845073750831
-0.15192912466524394
-0.16434970253100029
-0.1767442756910256
-0.18911088297776596
-0.2014475676495435
-0.21375237769815733
-0.22602336616019705
-0.23825859142287958
-0.25045611753260005
-0.2626140145001498
-0.27473035860719874
-0.28680323271089164
-0.29883072654522835
-0.3108109370255072
-0.3227419685485683
-0.33462193329208767
-0.34644895151436395
-0.358221151851949
-0.369936671613833
-0.3815936570785169
-0.39319026378541516
-0.40472465682797
-0.41619501114397384
-0.42759951180351097
-0.43893635429614175
-0.45020374481765724
-0.4613999005518666
-0.47252304995593364
-0.4835714330368362
-0.49454330163188315
-0.5054369196862971
-0.5162505635251378
-0.526982522129185
-0.5376310974029264
-0.5481946044444298
-0.5586713718130738
-0.5690597417917246
-0.5793580706501933
-0.5895647289060553
-0.5996781015817181
-0.6096965884592346
-0.6196186043346079
-0.6294425792675369
-0.6391669588326587
-0.6487902043612407
-0.6583107931874888
-0.6677272188884233
-0.6770379915235952
-0.6862416378684624
-0.6953367016501881
-0.7043217437754018
-0.7131953425605342
-0.7219560939544837
-0.7306026117617692
-0.7391335278627841
-0.7475474924280933
-0.7558431741344813
-0.7640192603734645
-0.7720744574599145
-0.780007490837325
-0.787817105278877
-0.7955020650855
-0.8030611542822518
-0.8104931768098976
-0.8177969567163008
-0.8249713383392668
-0.8320151864915598
-0.8389273866397317
-0.8457068450814668
-0.8523524891168992
-0.8588632672203043
-0.8652381492045574
-0.8714761263860212
-0.8775762117425221
-0.8835374400702379
-0.8893588681370451
-0.8950395748302677
-0.9005786613041067
-0.9059752511204126
-0.9112284903880009
-0.9163375478981269
-0.9213016152555995
-0.9261199070063484
-0.9307916607622572
-0.9353161373214454
-0.9396926207857242
-0.9439204186735186
-0.9479988620291464
-0.9519273055289988
-0.9557051275840509
-0.9593317304372327
-0.9628065402591047
-0.9661290072376041
-0.9692986056660458
-0.9723148340254486
-0.9751772150642757
-0.9778852958742341
-0.9804386479612271
-0.9828368673139368
-0.9850795744670906
-0.9871664145618044
-0.9890970574018662
-0.9908711975058024
-0.992488554155103
-0.9939488714388446
-0.9952519182940667
-0.996397488542476
-0.997385400922947
-0.9982154991201483
-0.9988876517893756
-0.9994017525773816
-0.9997577201390586
-0.9999554981504076
-0.9999950553174464
-0.999876385381125
-0.999599507118341
-0.9991644643389193
-0.998571325878822
-0.9978201855890378
-0.9969111623209611
-0.9958443999073973
-0.9946200671398606
-0.9932383577420247
-0.9916994903386881
-0.9900037084218088
-0.9881512803112689
-0.9861424991127762
-0.9839776826716778
-0.9816571735220592
-0.9791813388335124
-0.9765505703519636
-0.9737652843382438
-0.9708259215024718
-0.9677329469334873
-0.9644868500265643
-0.9610881444046607
-0.9575373678372737
-0.9538350821569055
-0.9499818731679986
-0.9459783505559435
-0.9418251477892159
-0.9375229220209095
-0.9330723539828166
-0.9284741478787394
-0.9237290312734404
-0.9188377549761652
-0.9138010929239281
-0.9086198420567686
-0.9032948221928616
-0.8978268758992269
-0.8922168683570506
-0.8864656872263706
-0.8805742425042177
-0.8745434663809929
-0.8683743130945237
-0.8620677587762302
-0.8556248012993243
-0.84904646011912
-0.8423337761121437
-0.8354878114131643
-0.8285096492439666
-0.8214003937449019
-0.8141611697981869
-0.8067931228506524
-0.7992974187333217
-0.7916752434747899
-0.783927803116835
-0.7760563235197313
-0.7680620501716223
-0.7599462479891957
-0.7517102011180722
-0.7433552127317258
-0.7348826048214048
-0.7262937179905582
-0.7175899112402859
-0.7087725617548865
-0.6998430646862017
-0.6908028329287113
-0.6816532968998265
-0.6723959043109639
-0.6630321199394398
-0.653563425397735
-0.6439913188963351
-0.6343173150107981
-0.6245429444376173
-0.6146697537544239
-0.6046993051760193
-0.5946331763043156
-0.5844729598830573
-0.5742202635414553
-0.5638767095404825
-0.5534439345206844
-0.5429235892364864
-0.5323173383014013
-0.5216268599193327
-0.5108538456220726
-0.5000000000008963
-0.48906704043605526
-0.47805669682820745
-0.46697071131995543
-0.45581083802253813
-0.4445788427407263
-0.433276502687762
-0.4219056062106503
-0.410467952501485
-0.3989653513160303
-0.3873996226865524
-0.37577259663299656
-0.364086112876794
-0.35234202054387154
-0.34054217787882735
-0.3286884519449712
-0.3167827183322959
-0.30482686085985905
-0.29282277127684125
-0.28077234896669334
-0.26867750064139345
-0.25654014004234144
-0.24436218764019849
-0.2321455703248652
-0.2198922211085241
-0.20760407881006115
-0.1952830877562446
-0.18293119747322076
-0.17055036237268825
-0.15814254144979906
-0.1457096979669303
-0.1332537991457187
-0.12077681585850092
-0.10828072231106313
-0.0957674957338674
-0.08323911606739252
-0.07069756565247654
-0.05814482891122022
-0.04558289203570988
-0.03301374267647465
-0.02043936962253529
-0.00786176249035464
0.004717088591883066
0.017295193300075378
0.02987056142548883
0.04244120319603066
0.055005129583813324
0.06756035262623696
0.08010488573781109
0.09263674402176988
0.10515394458958005
0.11765450687106031
0.13013645292867032
0.1425978077713756
0.1550365996635439
0.16745086044323146
0.1798386258264068
0.1921979357240428
0.20452683454866513
0.21682337152467923
0.22908560099792274
0.24131158273997844
0.25349938226049207
0.2656470711105904
0.2777527271853934
0.28981443503428517
0.3018302861569901
0.3137983793107998
0.32571682081222875
0.3375837248288862
0.34939721368735516
0.36115541816256197
0.3728564777803724
0.3844985411051701
0.39607976603873774
0.4075983201083397
0.4190523807575187
0.43044013563529604
0.44175978287964734
0.45300953140754757
0.46418760119587754
0.47529222356067163
0.4863216414418219
0.497274109677856
0.5081478952828814
0.5189412777215691
0.5296525491782751
0.5402800148327118
0.5508219931219213
0.5612768160117386
0.5716428292583884
0.581918392668012
0.5921018803606892
0.6021916810246928
0.6121861981721961
0.622083850392594
0.6318830715998707
0.6415823112853892
0.6511800347575585
0.6606747233895903
0.6700648748569767
0.6793490033759042
0.688525639939006
0.6975933325451532
0.7065506464338275
0.7153961643068949
0.7241284865574158
0.7327462314891218
0.7412480355332062
0.7496325534678175
0.7578984586284099
0.766044443118286
0.7740692180161185
0.7819715135775814
0.7897500794402982
0.7974036848171131
0.8049311186947963
0.8123311900234
0.8196027279052838
0.8267445817808939
0.8337556216087588
0.8406347380473906
0.8473808426292225
0.853992867931414
0.8604697677476735
0.866810517251837
0.8730141131605165
0.8790795738922808
0.8850059397212251
0.8907922729318711
0.896437657964112
0.9019412015610333
0.9073020329089501
0.912519303774077
0.9175921886390687
0.9225198848320781
0.9273016126544956
0.9319366155029464
0.93642415999108
0.9407635360645284
0.9449540571123628
0.9489950600776165
0.952885905560934
0.9566259779220609
0.9602146853775089
0.9636514600931657
0.9669357582759314
0.9700670602577733
0.9730448705796423
0.9758687180691054
0.9785381559143366
0.9810527617360391
0.9834121376534504
0.9856159103475072
0.9876637311200581
0.9895552759484557
0.9912902455378344
0.9928683653673734
0.9942893857346399
0.9955530817945853
0.9966592535952541
0.9976077261094837
0.9983983492623364
0.9990309979552966
0.9995055720856076
0.9998219965624598
0.9999802213186829
0.9999802213186852
0.9998219965624842
0.999505572085648
0.9990309979553531
0.9983983492624606
0.9976077261095097
0.9966592535953591
0.9955530817947065
0.9942893857347771
0.9928683653675268
0.9912902455378839
0.989555275948641
0.9876637311202594
0.9856159103478782
0.9834121376538485
0.9810527617362882
0.9785381559146015
0.9758687180693861
0.9730448705801484
0.9700670602583064
0.9669357582760273
0.9636514600935092
0.9602146853778679
0.9566259779227004
0.9528859055615999
0.9489950600780218
0.9449540571127835
0.9407635360649644
0.9364241599918502
0.9319366155037423
0.9273016126546365
0.9225198848325743
0.9175921886395797
0.9125193037746029
0.9073020329094906
0.9019412015615885
0.8964376579646818
0.8907922729324553
0.8850059397222471
0.8790795738933271
0.8730141131611435
0.8668105172524782
0.8604697677483286
0.8539928679325561
0.8473808426303882
0.840634738048087
0.8337556216094687
0.8267445817816172
0.8196027279065414
0.8123311900241498
0.8049311186955591
0.7974036848178889
0.7897500794410868
0.7819715135789498
0.7740692180163566
0.7660444431191124
0.7578984586292485
0.7496325534686684
0.7412480355340691
0.7327462314893778
0.7241284865583025
0.7153961643077933
0.7065506464347373
0.6975933325467261
0.6885256399392787
0.6793490033768477
0.6700648748579311
0.6606747233905554
0.6511800347585341
0.6415823112856778
0.6318830716008671
0.6220838503936006
0.6121861981739318
0.6021916810264453
0.5921018803617253
0.5819183926690575
0.5716428292594432
0.5612768160135554
0.5508219931237534
0.5402800148330283
0.5296525491793656
0.5189412777226681
0.508147895284772
0.49727410967976055
0.48632164144294526
0.4752922235618028
0.4641876011970163
0.45300953140950456
0.4417597828816167
0.4304401356356356
0.419052380758686
0.4075983201095137
0.39607976603991824
0.38449854110635695
0.37285647778072145
0.36115541816376084
0.3493972136885598
0.3375837248309525
0.3257168208143042
0.31379837931202054
0.3018302861582158
0.2898144350355156
0.27775272718750216
0.26564707111270663
0.25349938226173574
0.2413115827412261
0.22908560099917422
0.21682337152682216
0.20452683454992363
0.1921979357253045
0.1798386258276715
0.16745086044449897
0.15503659966571254
0.1425978077717479
0.13013645292994505
0.11765450687233706
0.10515394459085858
0.09263674402305003
0.08010488573818605
0.06756035262751968
0.05500512958509705
0.04244120319731517
0.02987056142768301
0.017295193300451494
0.004717088593168719
-0.007861762489069012
-0.02043936962124989
-0.03301374267518969
-0.0455828920353341
-0.058144828909936726
-0.07069756565119409
-0.08323911606611131
-0.09576749573168233
-0.10828072230978503
-0.12077681585722466
-0.13325379914444452
-0.14570969796475858
-0.1581425414476315
-0.17055036237231758
-0.1829311974719568
-0.19528308775498365
-0.20760407880791382
-0.21989222110638268
-0.2321455703244993
-0.2443621876389518
-0.25654014004109876
-0.268677500639279
-0.28077234896458647
-0.2928227712764816
-0.3048268608586346
-0.3167827183310764
-0.32868845194375695
-0.3405421778767634
-0.3523420205443707
-0.36408611287559656
-0.37577259663264795
-0.38739962268452866
-0.39896535131318345
-0.41046795250114193
-0.4219056062094847
-0.433276502687423
-0.44457884273875997
-0.4558108380213938
-0.46697071131881857
-0.4780566968262794
-0.4890670404349339
-0.49999999999820754
-0.5108538456201854
-0.5216268599182358
-0.5323173383010829
-0.5429235892354067
-0.5534439345196136
-0.5638767095386696
-0.574220263539658
-0.584472959882383
-0.5946331763029162
-0.6046993051746331
-0.6146697537537684
-0.6245429444373235
-0.6343173150098043
-0.6439913188960473
-0.6535634253960735
-0.6630321199384773
-0.6723959043103488
-0.681653296898553
-0.6908028329281105
-0.6998430646846336
-0.7087725617539795
-0.7175899112393905
-0.7262937179890493
-0.7348826048205329
-0.7433552127299533
-0.751710201118124
-0.7599462479880645
-0.7680620501710903
-0.7760563235186336
-0.7839278031160367
-0.7916752434745601
-0.7992974187320026
-0.8067931228498928
-0.8141611697966482
-0.8214003937439093
-0.8285096492435013
-0.8354878114129576
-0.8423337761114508
-0.8490464601184408
-0.8556248012981881
-0.8620677587755786
-0.8683743130941117
-0.8745434663801489
-0.8805742425033929
-0.8864656872251443
-0.8922168683570861
-0.8978268758986608
-0.9032948221919199
-0.9086198420560417
-0.9138010929228518
-0.9188377549761962
-0.9237290312727737
-0.9284741478784309
-0.933072353982027
-0.9375229220204622
-0.9418251477890894
-0.9459783505552317
-0.9499818731675972
-0.9538350821561097
-0.9575373678367719
-0.96108814440418
-0.964486850026465
-0.9677329469331634
-0.9708259215021635
-0.9737652843377443
-0.9765505703515889
-0.9791813388333438
-0.9816571735217273
-0.9839776826713675
-0.9861424991126383
-0.9881512803112111
-0.9900037084216275
-0.9916994903386397
-0.9932383577417698
-0.9946200671397274
-0.9958443999073217
-0.9969111623208244
-0.997820185588983
-0.9985713258787047
-0.9991644643388667
-0.9995995071183046
-0.9998763853810905
-0.9999950553174424
-0.9999554981504326
-0.999757720139057
-0.999401752577426
-0.9988876517894146
-0.9982154991202522
-0.99738540092304
-0.9963974885425465
-0.9952519182942361
-0.9939488714389358
-0.9924885541553715
-0.990871197506037
-0.9890970574020554
-0.9871664145618645
-0.9850795744673119
-0.9828368673140901
-0.9804386479616591
-0.977885295874503
-0.9751772150644598
-0.9723148340258553
-0.9692986056663618
-0.966129007238288
-0.9628065402590835
-0.9593317304375957
-0.955705127584697
-0.951927305529532
-0.9479988620299898
-0.9439204186736428
-0.9396926207863195
-0.9353161373217393
-0.9307916607628934
-0.9261199070068334
-0.9213016152559226
-0.9163375478990059
-0.9112284903885305
-0.9059752511213418
-0.9005786613048633
-0.8950395748308411
-0.8893588681372171
-0.8835374400710531
-0.8775762117429204
-0.8714761263870978
-0.8652381492054301
-0.8588632672207299
-0.8523524891180472
-0.8457068450821529
-0.8389273866411738
-0.8320151864915162
-0.8249713383399934
-0.817796956716779
-0.8104931768111834
-0.8030611542838308
-0.795502065085728
-0.787817105279949
-0.7800074908381295
-0.7720744574613096
-0.764019260374294
-0.7558431741350253
-0.7475474924295513
-0.73913352786365
-0.7306026117635785
-0.7219560939544294
-0.7131953425614354
-0.7043217437759917
-0.6953367016514389
-0.6862416378693975
-0.677037991523872
-0.667727218889719
-0.6583107931881143
-0.6487902043629111
-0.6391669588339972
-0.6294425792685359
-0.6196186043345462
-0.6096965884602537
-0.599678101582383
-0.5895647289078284
-0.5793580706512412
-0.5690597417920339
-0.5586713718145173
-0.548194604445505
-0.5376310974047772
-0.526982522130664
-0.5162505635262389
-0.5054369196881913
-0.4945433016333958
-0.4835714330391557
-0.47252304995626515
-0.4613999005534107
-0.45020374481819614
-0.43893635429790984
-0.42759951180467315
-0.41619501114472934
-0.40472465682976944
-0.3931902637863882
-0.381593657080546
-0.3699366716154499
-0.35822115185293707
-0.3464489515149301
-0.3346219332935135
-0.3227419685493548
-0.31081093702759366
-0.29883072654667225
-0.2868032327116877
-0.27473035860930944
-0.2626140145013903
-0.25045611753494534
-0.2382585914230241
-0.22602336616144947
-0.21375237770052388
-0.2014475676510255
-0.18911088298059134
-0.17674427569139586
-0.16434970253271705
-0.15192912466628997
-0.13948450737748197
-0.12701781974817672
-0.11453103435779821
-0.10202612696580826
-0.08950507619364866
-0.07696986322433125
-0.06442247147266132
-0.05186488629316463
-0.0392990946405491
-0.02672708477709445
-0.01415084594170526
-0.0015723680478809234
0.011006358636596394
0.023583343810035656
0.03615659743902678
0.04872413008786714
0.06128395322061794
0.0738340795230193
0.08637252321330813
0.09889730036367471
0.11140642920148917
0.1238979304373605
0.13636982756564803
0.14882014718263892
0.16124691930418383
0.1736481776648097
0.18602196004321186
0.19836630856017046
0.21067926999374034
0.22295889609362737
0.23520324387700497
0.24741037595191442
0.259578360802596
0.2717052731198198
0.2837891940843823
0.2958282116865124
0.3078204210161576
0.3197639245696665
0.3316568325551774
0.34349726317956514
0.3552833429599499
0.3670132070081304
0.3786849993325181
0.3902968731284156
0.4018469910769408
0.41333352562401027
0.42475465928287004
0.4361085849100225
0.44739350599619376
0.45860763695544304
0.46974920339629517
0.4808164424154704
0.491807602865521
0.5027209456367945
0.5135547439372937
0.5243072835548861
0.5349768631426077
0.5455617944692677
0.5560604027081711
0.5664710266836973
0.5767920191478358
0.5870217470302583
0.5971585917012909
0.6072009492323646
0.6171472306395752
0.6269958621467211
0.6367452854242159
0.6463939578414271
0.6559403527079444
0.6653829595206525
0.6747202841944514
0.6839508493028722
0.693073194315783
0.7020858758211813
0.7109874677641339
0.7197765616632567
0.7284517668388039
0.7370117106301728
0.7454550386180306
0.7537804148299996
0.761986521961811
0.7700720615772708
0.7780357543173976
0.7858763401062292
0.7935925783421861
0.8011832481034378
0.8086471483332314
0.8159830980333626
0.8231899364541418
0.8302665232706787
0.8372117387726444
0.8440244840292568
0.8507036810772217
0.8572482730793805
0.8636572245006701
0.869929521265301
0.8760641709201401
0.8820602027943168
0.8879166681466509
0.8936326403227054
0.8992072148954308
0.9046395098116783
0.9099286655301541
0.915073845160461
0.9200742345902163
0.924929042619819
0.929637501082525
0.9341988649682575
0.938612412543372
0.9428774454602907
0.946993288873106
0.9509592915399888
0.9547748259281816
0.9584392883148485
0.9619520988787938
0.96531270179692
0.9685205653261887
0.9715751818945604
0.9744760681756306
0.977222765169135
0.979814838270585
0.9822518773413927
0.9845334967747233
0.9866593355540981
0.9886290573131561
0.9904423503866693
0.9920989278611083
0.9935985276195164
0.994940912383828
0.9961258697511115
0.9971532122279311
0.9980227772603557
0.9987344272586972
0.9992880496202869
0.9996835567465147
0.999920886057124
1.0
